V1(t) V2(t)
0 0
0 0
4e-12 0
1.184e-11 8e-14
2.3368e-11 3.136e-13
3.84396e-11 7.68416e-13
0.02 1.50647e-12
0.0392 0.0004
0.05764 0.001168
0.0753578 0.00227408
0.0923889 0.00369027
0.108767 0.00539044
0.124524 0.00735017
0.13969 0.00954665
0.154294 0.0119586
0.168361 0.0145661
0.181918 0.0173507
0.194988 0.020295
0.207595 0.023383
0.219758 0.0265996
0.2315 0.0299307
0.242839 0.0333635
0.253792 0.0368858
0.264378 0.0404862
0.274613 0.0441543
0.284512 0.0478804
0.294089 0.0516554
0.303358 0.055471
0.312333 0.0593193
0.321026 0.0631932
0.329449 0.067086
0.337613 0.0709915
0.345528 0.0749041
0.353205 0.0788185
0.360653 0.0827299
0.367882 0.0866338
0.374899 0.0905261
0.381714 0.094403
0.388333 0.0982612
0.394765 0.102097
0.401017 0.105909
0.407094 0.109693
0.413004 0.113447
0.418753 0.117169
0.424346 0.120857
0.42979 0.12451
0.435088 0.128125
0.440247 0.131702
0.445271 0.135239
0.450165 0.138735
0.454933 0.142189
0.43958 0.1456
0.424909 0.148568
0.410884 0.151123
0.397471 0.153296
0.384638 0.155113
0.372355 0.156602
0.360592 0.157785
0.349324 0.158685
0.338525 0.159324
0.328171 0.159722
0.318238 0.159896
0.308707 0.159865
0.299556 0.159645
0.290766 0.15925
0.282321 0.158695
0.274202 0.157994
0.266394 0.157158
0.258881 0.1562
0.25165 0.155129
0.244686 0.153957
0.237978 0.152693
0.231513 0.151344
0.225279 0.149921
0.219266 0.14843
0.213464 0.146878
0.207863 0.145272
0.202454 0.143618
0.197228 0.141923
0.192178 0.14019
0.187294 0.138426
0.182571 0.136635
0.178001 0.134821
0.173577 0.132988
0.169294 0.13114
0.165145 0.129281
0.161125 0.127412
0.157228 0.125538
0.15345 0.123661
0.149785 0.121784
0.146229 0.119908
0.142778 0.118037
0.139428 0.116171
0.136174 0.114312
0.133013 0.112463
0.129942 0.110625
0.126957 0.108799
0.124055 0.106986
0.121232 0.105188
0.118487 0.103405
0.115815 0.101638
0.113216 0.0998892
0.110685 0.0981579
0.10822 0.0964453
0.105821 0.0947519
0.103483 0.0930782
0.101205 0.0914248
0.118985 0.0897919
0.136022 0.0885799
0.152352 0.0877571
0.168014 0.0872939
0.183039 0.0871624
0.197461 0.0873367
0.211309 0.0877924
0.224612 0.0885069
0.237398 0.0894589
0.249691 0.0906285
0.261516 0.0919972
0.272895 0.0935476
0.283851 0.0952636
0.294402 0.0971301
0.304568 0.0991329
0.314368 0.101259
0.323819 0.103496
0.332936 0.105833
0.341735 0.108258
0.350231 0.110762
0.358437 0.113336
0.366366 0.115972
0.374031 0.11866
0.381443 0.121394
0.388613 0.124167
0.395552 0.126973
0.402269 0.129805
0.408775 0.132658
0.415077 0.135527
0.421184 0.138408
0.427105 0.141295
0.432847 0.144186
0.438417 0.147075
0.443821 0.14996
0.449068 0.152838
0.454162 0.155706
0.45911 0.158561
0.463916 0.161401
0.468588 0.164223
0.473129 0.167026
0.477544 0.169808
0.481838 0.172566
0.486016 0.1753
0.490082 0.178009
0.494038 0.18069
0.477891 0.183343
0.462442 0.185567
0.447656 0.187393
0.433497 0.188851
0.419934 0.189967
0.406936 0.190767
0.394474 0.191275
0.382521 0.191513
0.37105 0.191503
0.360038 0.191264
0.349462 0.190814
0.3393 0.190171
0.329531 0.18935
0.320137 0.188367
0.311099 0.187235
0.3024 0.185967
0.294023 0.184577
0.285954 0.183074
0.278177 0.18147
0.270679 0.179775
0.263448 0.177997
0.25647 0.176146
0.249734 0.17423
0.243229 0.172255
0.236945 0.17023
0.230872 0.16816
0.225 0.166051
0.219321 0.163909
0.213826 0.161739
0.208508 0.159546
0.203359 0.157334
0.198371 0.155108
0.193538 0.152871
0.188854 0.150627
0.184313 0.148379
0.179908 0.14613
0.175634 0.143883
0.171486 0.14164
0.16746 0.139404
0.163549 0.137177
0.159751 0.134961
0.15606 0.132758
0.152473 0.130569
0.148985 0.128395
0.145594 0.126239
0.142295 0.124102
0.139085 0.121983
0.135961 0.119886
0.132921 0.11781
0.12996 0.115756
0.127077 0.113725
0.124268 0.111717
0.121532 0.109734
0.118865 0.107775
0.116266 0.105841
0.133732 0.103933
0.150462 0.10245
0.166492 0.101362
0.18186 0.100637
0.196598 0.100249
0.210739 0.100171
0.224313 0.100379
0.237348 0.10085
0.249871 0.101563
0.261907 0.102498
0.273481 0.103636
0.284615 0.10496
0.295329 0.106454
0.305645 0.108102
0.315581 0.109891
0.325156 0.111807
0.334386 0.113838
0.343287 0.115972
0.351875 0.118199
0.360164 0.120509
0.368168 0.122892
0.375899 0.125339
0.38337 0.127844
0.390592 0.130397
0.397576 0.132993
0.404333 0.135625
0.410872 0.138287
0.417203 0.140973
0.423334 0.143678
0.429274 0.146397
0.435031 0.149127
0.440613 0.151863
0.446025 0.1546
0.451276 0.157337
0.456372 0.160069
0.461319 0.162794
0.466122 0.165508
0.470787 0.16821
0.47532 0.170898
0.479725 0.173568
0.484007 0.17622
0.488171 0.178851
0.492222 0.181461
0.496162 0.184047
0.479996 0.186608
0.464529 0.188744
0.449722 0.190484
0.435543 0.191859
0.421959 0.192896
0.408938 0.193619
0.396453 0.194053
0.384476 0.19422
0.372981 0.194141
0.361945 0.193835
0.351344 0.19332
0.341156 0.192614
0.331363 0.191733
0.321943 0.190691
0.312879 0.189502
0.304154 0.18818
0.295751 0.186736
0.287656 0.185181
0.279853 0.183527
0.27233 0.181783
0.265072 0.179958
0.258068 0.178061
0.251307 0.1761
0.244777 0.174082
0.238467 0.172015
0.232369 0.169903
0.226472 0.167755
0.220768 0.165574
0.215249 0.163366
0.209906 0.161137
0.204733 0.158889
0.199721 0.156628
0.194865 0.154358
0.190158 0.152081
0.185593 0.149801
0.181165 0.14752
0.176869 0.145243
0.172699 0.142971
0.168651 0.140706
0.164719 0.138451
0.160899 0.136207
0.157187 0.133977
0.153579 0.131761
0.150071 0.129562
0.14666 0.127381
0.143341 0.125219
0.140112 0.123077
0.136969 0.120956
0.133909 0.118858
0.13093 0.116781
0.128028 0.114729
0.125202 0.1127
0.122448 0.110696
0.119764 0.108717
0.117147 0.106764
0.134597 0.104836
0.15131 0.103335
0.167324 0.102228
0.182676 0.101485
0.197398 0.101079
0.211524 0.100984
0.225083 0.101175
0.238103 0.10163
0.250611 0.102327
0.262633 0.103246
0.274193 0.104369
0.285313 0.105678
0.296014 0.107157
0.306316 0.108791
0.316239 0.110565
0.325801 0.112468
0.335018 0.114485
0.343907 0.116606
0.352483 0.11882
0.36076 0.121117
0.368752 0.123487
0.376472 0.125923
0.383931 0.128415
0.391143 0.130957
0.398116 0.133542
0.404862 0.136163
0.411391 0.138813
0.417712 0.141489
0.423833 0.144183
0.429763 0.146893
0.435511 0.149612
0.441082 0.152338
0.446486 0.155066
0.451728 0.157793
0.456814 0.160516
0.461752 0.163232
0.466547 0.165937
0.471204 0.168631
0.475728 0.17131
0.480125 0.173972
0.4844 0.176615
0.488556 0.179239
0.492598 0.18184
0.496531 0.184419
0.500358 0.186973
0.484084 0.189501
0.46851 0.191603
0.453602 0.193309
0.439324 0.194648
0.425644 0.195649
0.412531 0.196336
0.399957 0.196733
0.387893 0.196863
0.376315 0.196746
0.365197 0.196403
0.354517 0.19585
0.344253 0.195107
0.334385 0.194188
0.324894 0.193108
0.31576 0.191881
0.306967 0.190521
0.298499 0.18904
0.29034 0.187448
0.282475 0.185757
0.274891 0.183976
0.267575 0.182115
0.260515 0.180182
0.253698 0.178185
0.247113 0.176132
0.240752 0.174029
0.234602 0.171882
0.228656 0.169699
0.222903 0.167484
0.217337 0.165243
0.211948 0.16298
0.20673 0.1607
0.201675 0.158406
0.196776 0.156104
0.192027 0.153795
0.187422 0.151484
0.182955 0.149173
0.17862 0.146865
0.174412 0.144563
0.170327 0.142269
0.166359 0.139984
0.162505 0.137712
0.158759 0.135454
0.155117 0.133211
0.151577 0.130985
0.148134 0.128777
0.144784 0.126588
0.141524 0.124421
0.138352 0.122274
0.135263 0.12015
0.132256 0.11805
0.129326 0.115973
0.126473 0.11392
0.123692 0.111893
0.120982 0.109891
0.118341 0.107915
0.135766 0.105965
0.152454 0.104442
0.168445 0.103313
0.183773 0.10255
0.198473 0.102123
0.212577 0.102008
0.226114 0.102179
0.239113 0.102614
0.251601 0.103292
0.263603 0.104192
0.275142 0.105297
0.286243 0.106588
0.296925 0.108049
0.307209 0.109665
0.317114 0.111423
0.326658 0.113308
0.335857 0.115309
0.344729 0.117414
0.353288 0.119612
0.361549 0.121893
0.369525 0.124249
0.377229 0.126669
0.384673 0.129147
0.391869 0.131674
0.398828 0.134245
0.40556 0.136852
0.412074 0.139489
0.418381 0.142151
0.424489 0.144832
0.430406 0.147529
0.43614 0.150236
0.441699 0.152949
0.44709 0.155665
0.45232 0.15838
0.457395 0.161092
0.462321 0.163796
0.467104 0.16649
0.47175 0.169173
0.476263 0.171841
0.480649 0.174493
0.484913 0.177126
0.489059 0.179739
0.493092 0.182331
0.497015 0.184899
0.500832 0.187444
0.484548 0.189963
0.468965 0.192055
0.454047 0.193752
0.439761 0.195083
0.426072 0.196075
0.41295 0.196753
0.400368 0.197142
0.388296 0.197264
0.376709 0.197139
0.365584 0.196788
0.354896 0.196228
0.344625 0.195477
0.334749 0.19455
0.32525 0.193463
0.31611 0.19223
0.30731 0.190863
0.298835 0.189374
0.290669 0.187776
0.282797 0.186078
0.275207 0.184291
0.267885 0.182424
0.260818 0.180484
0.253995 0.178481
0.247405 0.176422
0.241037 0.174313
0.234882 0.172161
0.22893 0.169973
0.223172 0.167752
0.2176 0.165506
0.212206 0.163237
0.206983 0.160952
0.201922 0.158654
0.197019 0.156346
0.192265 0.154032
0.187655 0.151716
0.183183 0.149401
0.178844 0.147089
0.174632 0.144782
0.170542 0.142483
0.16657 0.140195
0.162711 0.137918
0.158961 0.135656
0.155316 0.133409
0.151771 0.131179
0.148324 0.128967
0.14497 0.126775
0.141707 0.124603
0.138531 0.122453
0.135439 0.120326
