V1(t) V2(t)
0 0
2e-12 2e-12
7.8804e-12 7.8804e-12
1.75644e-11 1.75644e-11
3.09766e-11 3.09766e-11
0.01 0.01
0.029402 0.029402
0.0484198 0.0484198
0.0670611 0.0670611
0.0853333 0.0853333
0.103244 0.103244
0.120799 0.120799
0.138008 0.138008
0.154875 0.154875
0.171409 0.171409
0.187615 0.187615
0.2035 0.2035
0.219071 0.219071
0.234333 0.234333
0.249293 0.249293
0.263957 0.263957
0.278331 0.278331
0.29242 0.29242
0.30623 0.30623
0.319767 0.319767
0.333035 0.333035
0.346041 0.346041
0.35879 0.35879
0.371286 0.371286
0.383534 0.383534
0.39554 0.39554
0.407308 0.407308
0.418844 0.418844
0.430151 0.430151
0.441234 0.441234
0.452097 0.452097
0.462746 0.462746
0.473183 0.473183
0.483414 0.483414
0.493443 0.493443
0.503273 0.503273
0.512908 0.512908
0.522352 0.522352
0.53161 0.53161
0.540684 0.540684
0.549578 0.549578
0.558297 0.558297
0.566842 0.566842
0.575219 0.575219
0.583429 0.583429
0.581478 0.581478
0.569964 0.569964
0.558679 0.558679
0.547617 0.547617
0.536774 0.536774
0.526146 0.526146
0.515728 0.515728
0.505517 0.505517
0.495508 0.495508
0.485697 0.485697
0.47608 0.47608
0.466654 0.466654
0.457414 0.457414
0.448357 0.448357
0.43948 0.43948
0.430778 0.430778
0.422248 0.422248
0.413888 0.413888
0.405693 0.405693
0.39766 0.39766
0.389787 0.389787
0.382069 0.382069
0.374504 0.374504
0.367089 0.367089
0.35982 0.35982
0.352696 0.352696
0.345713 0.345713
0.338867 0.338867
0.332158 0.332158
0.325581 0.325581
0.319135 0.319135
0.312816 0.312816
0.306622 0.306622
0.300551 0.300551
0.2946 0.2946
0.288767 0.288767
0.283049 0.283049
0.277445 0.277445
0.271952 0.271952
0.266567 0.266567
0.261289 0.261289
0.256115 0.256115
0.251044 0.251044
0.246074 0.246074
0.241201 0.241201
0.236426 0.236426
0.231744 0.231744
0.227156 0.227156
0.222658 0.222658
0.218249 0.218249
0.213928 0.213928
0.209692 0.209692
0.20554 0.20554
0.201471 0.201471
0.197482 0.197482
0.193571 0.193571
0.199739 0.199739
0.215384 0.215384
0.230719 0.230719
0.245751 0.245751
0.260485 0.260485
0.274928 0.274928
0.289084 0.289084
0.30296 0.30296
0.316562 0.316562
0.329894 0.329894
0.342962 0.342962
0.355771 0.355771
0.368327 0.368327
0.380634 0.380634
0.392697 0.392697
0.404522 0.404522
0.416112 0.416112
0.427473 0.427473
0.438609 0.438609
0.449525 0.449525
0.460224 0.460224
0.470712 0.470712
0.480992 0.480992
0.491068 0.491068
0.500945 0.500945
0.510626 0.510626
0.520116 0.520116
0.529418 0.529418
0.538535 0.538535
0.547472 0.547472
0.556232 0.556232
0.564819 0.564819
0.573235 0.573235
0.581485 0.581485
0.589572 0.589572
0.597498 0.597498
0.605268 0.605268
0.612884 0.612884
0.620349 0.620349
0.627666 0.627666
0.634838 0.634838
0.641868 0.641868
0.648759 0.648759
0.655514 0.655514
0.662135 0.662135
0.658624 0.658624
0.645583 0.645583
0.632801 0.632801
0.620271 0.620271
0.60799 0.60799
0.595952 0.595952
0.584152 0.584152
0.572586 0.572586
0.561249 0.561249
0.550136 0.550136
0.539243 0.539243
0.528566 0.528566
0.518101 0.518101
0.507842 0.507842
0.497787 0.497787
0.487931 0.487931
0.47827 0.47827
0.4688 0.4688
0.459518 0.459518
0.450419 0.450419
0.441501 0.441501
0.432759 0.432759
0.424191 0.424191
0.415792 0.415792
0.407559 0.407559
0.399489 0.399489
0.391579 0.391579
0.383826 0.383826
0.376226 0.376226
0.368777 0.368777
0.361475 0.361475
0.354318 0.354318
0.347303 0.347303
0.340426 0.340426
0.333686 0.333686
0.327079 0.327079
0.320602 0.320602
0.314255 0.314255
0.308032 0.308032
0.301933 0.301933
0.295955 0.295955
0.290095 0.290095
0.284351 0.284351
0.278721 0.278721
0.273202 0.273202
0.267793 0.267793
0.262491 0.262491
0.257293 0.257293
0.252199 0.252199
0.247205 0.247205
0.242311 0.242311
0.237513 0.237513
0.23281 0.23281
0.228201 0.228201
0.223682 0.223682
0.229253 0.229253
0.244314 0.244314
0.259077 0.259077
0.273547 0.273547
0.287731 0.287731
0.301634 0.301634
0.315261 0.315261
0.328619 0.328619
0.341712 0.341712
0.354547 0.354547
0.367127 0.367127
0.379457 0.379457
0.391544 0.391544
0.403392 0.403392
0.415004 0.415004
0.426387 0.426387
0.437545 0.437545
0.448481 0.448481
0.459202 0.459202
0.469709 0.469709
0.480009 0.480009
0.490105 0.490105
0.500001 0.500001
0.509701 0.509701
0.519209 0.519209
0.528528 0.528528
0.537664 0.537664
0.546618 0.546618
0.555395 0.555395
0.563998 0.563998
0.572431 0.572431
0.580697 0.580697
0.588799 0.588799
0.596741 0.596741
0.604525 0.604525
0.612156 0.612156
0.619635 0.619635
0.626966 0.626966
0.634152 0.634152
0.641196 0.641196
0.6481 0.6481
0.654868 0.654868
0.661502 0.661502
0.668004 0.668004
0.664377 0.664377
0.651223 0.651223
0.638328 0.638328
0.62569 0.62569
0.613301 0.613301
0.601158 0.601158
0.589255 0.589255
0.577587 0.577587
0.566151 0.566151
0.554941 0.554941
0.543954 0.543954
0.533183 0.533183
0.522626 0.522626
0.512278 0.512278
0.502135 0.502135
0.492193 0.492193
0.482447 0.482447
0.472895 0.472895
0.463532 0.463532
0.454354 0.454354
0.445358 0.445358
0.436539 0.436539
0.427896 0.427896
0.419424 0.419424
0.411119 0.411119
0.402979 0.402979
0.395 0.395
0.387179 0.387179
0.379513 0.379513
0.371998 0.371998
0.364633 0.364633
0.357413 0.357413
0.350336 0.350336
0.3434 0.3434
0.3366 0.3366
0.329936 0.329936
0.323403 0.323403
0.317 0.317
0.310723 0.310723
0.304571 0.304571
0.29854 0.29854
0.292629 0.292629
0.286835 0.286835
0.281156 0.281156
0.275589 0.275589
0.270132 0.270132
0.264784 0.264784
0.259541 0.259541
0.254402 0.254402
0.249365 0.249365
0.244427 0.244427
0.239588 0.239588
0.234844 0.234844
0.230194 0.230194
0.225636 0.225636
0.231168 0.231168
0.246191 0.246191
0.260917 0.260917
0.275351 0.275351
0.289499 0.289499
0.303367 0.303367
0.31696 0.31696
0.330284 0.330284
0.343344 0.343344
0.356146 0.356146
0.368695 0.368695
0.380994 0.380994
0.393051 0.393051
0.404868 0.404868
0.416452 0.416452
0.427806 0.427806
0.438936 0.438936
0.449845 0.449845
0.460538 0.460538
0.471019 0.471019
0.481293 0.481293
0.491363 0.491363
0.501234 0.501234
0.51091 0.51091
0.520394 0.520394
0.52969 0.52969
0.538802 0.538802
0.547734 0.547734
0.556489 0.556489
0.56507 0.56507
0.573482 0.573482
0.581727 0.581727
0.589809 0.589809
0.597731 0.597731
0.605496 0.605496
0.613107 0.613107
0.620567 0.620567
0.62788 0.62788
0.635048 0.635048
0.642074 0.642074
0.648961 0.648961
0.655712 0.655712
0.662328 0.662328
0.668814 0.668814
0.675172 0.675172
0.671403 0.671403
0.65811 0.65811
0.645079 0.645079
0.632306 0.632306
0.619787 0.619787
0.607515 0.607515
0.595486 0.595486
0.583696 0.583696
0.572138 0.572138
0.56081 0.56081
0.549706 0.549706
0.538822 0.538822
0.528153 0.528153
0.517696 0.517696
0.507445 0.507445
0.497398 0.497398
0.487549 0.487549
0.477896 0.477896
0.468434 0.468434
0.459159 0.459159
0.450067 0.450067
0.441156 0.441156
0.432421 0.432421
0.423859 0.423859
0.415467 0.415467
0.407241 0.407241
0.399177 0.399177
0.391273 0.391273
0.383526 0.383526
0.375932 0.375932
0.368489 0.368489
0.361193 0.361193
0.354041 0.354041
0.347031 0.347031
0.34016 0.34016
0.333425 0.333425
0.326823 0.326823
0.320352 0.320352
0.314009 0.314009
0.307792 0.307792
0.301697 0.301697
0.295724 0.295724
0.289868 0.289868
0.284129 0.284129
0.278503 0.278503
0.272989 0.272989
0.267584 0.267584
0.262286 0.262286
0.257092 0.257092
0.252002 0.252002
0.247012 0.247012
0.242121 0.242121
0.237327 0.237327
0.232628 0.232628
0.228022 0.228022
0.233507 0.233507
0.248484 0.248484
0.263164 0.263164
0.277553 0.277553
0.291658 0.291658
0.305483 0.305483
0.319034 0.319034
0.332318 0.332318
0.345338 0.345338
0.3581 0.3581
0.37061 0.37061
0.382871 0.382871
0.394891 0.394891
0.406672 0.406672
0.41822 0.41822
0.429539 0.429539
0.440634 0.440634
0.45151 0.45151
0.46217 0.46217
0.472619 0.472619
0.482861 0.482861
0.4929 0.4929
0.502741 0.502741
0.512386 0.512386
0.521841 0.521841
0.531109 0.531109
0.540193 0.540193
0.549097 0.549097
0.557825 0.557825
0.56638 0.56638
0.574766 0.574766
0.582985 0.582985
0.591042 0.591042
0.59894 0.59894
0.606681 0.606681
0.614268 0.614268
0.621706 0.621706
0.628996 0.628996
0.636142 0.636142
0.643146 0.643146
0.650012 0.650012
0.656742 0.656742
0.663338 0.663338
0.669804 0.669804
0.676142 0.676142
0.672354 0.672354
0.659042 0.659042
0.645993 0.645993
0.633202 0.633202
0.620665 0.620665
0.608376 0.608376
0.59633 0.59633
0.584522 0.584522
0.572949 0.572949
0.561604 0.561604
0.550485 0.550485
0.539585 0.539585
0.528901 0.528901
0.518429 0.518429
0.508164 0.508164
0.498102 0.498102
0.48824 0.48824
0.478573 0.478573
0.469097 0.469097
0.459809 0.459809
0.450705 0.450705
0.441781 0.441781
0.433034 0.433034
0.42446 0.42446
0.416055 0.416055
0.407817 0.407817
0.399743 0.399743
0.391828 0.391828
0.384069 0.384069
0.376465 0.376465
0.369011 0.369011
0.361704 0.361704
0.354543 0.354543
0.347523 0.347523
0.340642 0.340642
0.333897 0.333897
0.327286 0.327286
0.320806 0.320806
0.314454 0.314454
0.308228 0.308228
0.302125 0.302125
0.296143 0.296143
0.290279 0.290279
0.284531 0.284531
0.278898 0.278898
0.273376 0.273376
0.267963 0.267963
0.262657 0.262657
0.257456 0.257456
0.252359 0.252359
